1,58,2,1,0,0,0,0,0,1
2,18,2,1,0,2,1,1,0,1
3,34,2,1,1,0,1,1,0,1
4,65,2,1,0,1,1,0,1,1
5,43,2,1,0,1,1,1,0,1
6,66,2,1,0,1,1,1,1,0
7,40,2,1,1,1,0,1,1,1
8,57,2,1,1,1,1,0,0,1
9,2,2,1,0,2,1,1,1,1
10,63,2,1,0,0,0,0,0,1
11,35,2,1,0,2,1,1,1,1
12,11,2,1,0,2,1,1,0,1
13,5,2,1,0,1,0,0,0,1
14,52,2,1,0,1,0,1,0,1
15,19,2,1,0,0,0,0,0,1
16,16,2,1,1,1,1,1,0,1
17,28,2,1,0,1,0,0,0,0
18,38,2,1,0,1,0,1,0,1
19,41,2,1,1,2,1,1,1,1
20,36,2,1,0,1,1,1,0,1
21,62,2,1,0,2,1,1,0,1
22,14,2,1,0,2,1,1,1,1
23,8,2,1,0,1,1,1,0,1
24,50,2,1,1,1,1,1,1,1
25,55,2,1,0,1,1,1,0,1
26,49,2,1,0,2,1,1,1,1
27,24,2,0,0,0,0,0,0,0
28,70,2,1,0,1,1,1,0,1
29,51,2,1,0,1,0,0,0,1
30,37,2,1,0,1,0,0,0,1
31,20,2,1,1,1,1,1,0,1
32,3,2,0,0,1,0,0,0,0
33,67,2,1,1,1,0,1,0,1
34,10,2,1,0,1,1,1,0,1
35,69,2,1,1,2,1,0,1,1
36,31,2,1,1,1,0,1,0,1
37,72,2,1,1,1,0,1,0,1
38,33,5,1,0,1,1,1,0,1
39,32,5,1,0,1,0,0,0,1
40,20,5,1,0,2,1,1,1,1
41,30,5,0,0,1,0,1,0,0
42,65,5,1,0,1,1,1,0,1
43,29,5,1,1,1,1,2,1,1
44,52,5,1,0,1,0,1,0,1
45,64,5,1,1,1,1,1,1,1
46,55,5,1,1,1,1,1,0,1
47,37,5,1,0,2,1,1,0,1
48,49,5,1,0,2,1,1,1,1
49,1,5,1,1,1,1,1,0,1
50,41,5,1,1,1,1,1,0,2
51,67,5,1,1,1,0,1,1,2
52,12,5,0,0,1,1,0,0,0
53,9,5,1,0,1,1,1,1,1
54,8,5,1,0,0,0,0,0,0
55,70,5,1,0,1,0,1,1,2
56,40,5,1,0,1,0,0,0,1
57,62,5,1,1,0,0,1,0,1
58,43,5,1,0,1,0,1,0,0
59,61,5,1,1,1,1,1,0,1
60,42,5,1,0,0,1,2,0,1
61,54,5,1,0,0,0,0,0,1
62,31,5,1,0,1,0,1,0,1
63,63,5,0,0,0,0,0,0,1
64,36,5,1,0,0,0,1,0,1
65,66,5,1,0,1,1,1,1,1
66,3,5,1,0,1,0,1,1,1
67,17,5,1,0,1,1,0,0,1
68,11,5,1,1,1,1,1,0,1
69,57,5,1,0,1,0,1,1,1
70,2,5,1,0,1,0,1,0,1
71,7,5,1,0,2,0,0,0,1
72,5,5,1,0,1,0,1,0,1
73,35,5,1,0,0,0,1,0,1
74,72,5,1,0,1,0,1,1,1
75,53,5,1,0,2,1,1,1,1
76,38,5,1,1,1,1,0,0,1
77,18,5,1,0,1,0,1,0,1
78,23,2,1,0,0,0,1,0,1
79,8,2,1,0,1,0,1,1,1
80,5,2,1,1,1,0,1,0,1
81,36,2,1,0,1,1,1,0,1
82,29,2,1,1,2,1,1,1,1
83,37,2,1,1,1,0,1,0,1
84,18,2,1,0,1,1,1,0,1
85,67,2,1,1,1,0,1,0,0
86,49,2,1,0,2,1,1,0,1
87,20,2,1,0,1,1,0,0,0
88,51,2,1,0,1,0,1,0,1
89,11,2,1,0,1,1,1,0,1
90,50,2,1,1,1,0,1,0,1
91,62,2,1,1,2,1,1,0,1
92,43,2,1,0,1,1,1,0,1
93,44,2,1,1,1,1,1,1,1
94,6,2,1,0,0,0,0,0,1
95,37,2,1,0,2,1,1,1,1
96,12,2,1,0,1,1,1,0,1
97,46,2,1,0,1,0,1,0,1
98,22,2,1,0,2,1,1,0,1
99,49,2,1,0,2,1,1,1,1
100,17,2,1,0,1,1,1,0,1
101,20,2,1,0,1,0,0,0,1
102,5,2,1,0,1,0,1,1,1
103,70,2,1,0,2,1,1,1,1
104,18,2,1,0,1,0,1,0,1
105,20,2,1,1,1,1,1,0,1
106,11,2,1,0,1,1,1,0,1
107,37,2,1,0,1,1,1,0,1
108,2,2,1,0,1,1,1,1,1
109,38,2,0,0,1,1,1,0,0
110,40,2,1,1,1,1,1,0,1
111,63,2,1,0,0,0,0,0,1
112,64,2,1,1,1,1,0,0,1
113,33,2,1,1,1,1,0,0,0
114,41,2,1,0,1,0,1,0,1
115,31,2,1,0,2,1,1,0,1
116,1,2,0,1,1,0,1,1,0
117,14,2,1,0,2,1,1,0,1
118,18,2,1,1,2,1,1,1,1
119,51,2,1,0,0,0,0,0,0
120,50,2,1,0,1,1,1,0,1
121,8,2,1,0,1,0,0,0,1
122,62,2,1,1,2,1,1,0,1
123,17,2,0,0,0,0,1,0,0
124,55,2,0,0,0,0,1,0,0
125,36,2,1,0,1,1,0,0,1
126,49,2,1,1,2,1,1,1,1
127,29,2,1,0,2,1,0,1,1
128,52,2,1,0,2,0,1,1,0
129,5,2,1,1,1,0,1,0,1
130,28,2,0,0,1,0,0,0,0
131,66,2,1,0,1,1,0,0,0
132,54,2,1,1,0,0,1,0,0
133,72,2,1,0,1,0,0,1,1
134,4,2,1,0,1,0,0,0,0
135,10,2,1,0,1,0,0,0,1
136,35,2,1,1,2,1,1,1,1
137,43,2,1,1,1,1,1,0,1
138,42,2,1,1,0,0,1,1,1
139,49,3,1,0,2,1,1,1,1
140,31,3,1,0,1,1,1,1,1
141,44,7,1,1,1,1,1,1,1
142,37,7,1,0,2,0,1,1,1
143,8,7,1,0,1,1,0,1,2
144,1,7,1,1,1,1,1,1,1
145,11,7,1,0,1,1,1,1,1
146,66,7,1,0,1,1,2,1,2
147,40,7,1,0,1,0,1,0,1
148,38,7,1,0,1,0,1,0,1
149,14,7,1,0,1,1,1,1,2
150,47,7,1,0,2,1,1,0,1
151,29,7,1,1,0,1,1,1,2
152,43,7,1,1,1,1,1,1,2
153,51,7,1,0,1,0,1,1,1
154,24,7,0,0,0,0,0,0,0
155,7,7,1,0,1,1,1,0,1
156,5,7,1,0,1,0,1,1,1
157,13,7,1,0,2,1,1,1,1
158,64,7,1,1,1,1,1,0,1
159,49,7,1,1,1,1,1,1,1
160,52,7,1,0,1,1,1,1,1
161,17,7,1,0,0,0,1,0,1
162,46,7,1,0,1,0,1,1,1
163,33,7,1,0,1,0,1,0,1
164,67,7,1,1,1,0,1,0,2
165,50,7,1,0,1,0,0,1,1
166,39,7,1,0,0,1,1,1,0
167,63,7,1,0,1,0,1,0,1
168,70,7,1,0,1,1,1,1,1
169,35,7,1,0,2,1,1,1,2
170,20,7,1,0,1,1,1,1,1
171,36,7,1,1,1,0,1,0,1
172,3,7,1,0,1,0,1,1,1
173,21,7,1,1,1,0,1,1,1
174,18,7,1,0,1,1,1,1,2
175,41,7,1,0,1,1,1,0,2
176,45,7,1,1,1,1,1,1,1
177,53,7,1,1,2,1,1,1,2
178,18,7,1,0,1,1,0,1,1
179,51,7,1,0,1,1,1,1,1
180,57,7,1,0,1,0,1,0,1
181,49,7,1,0,1,1,1,1,1
182,41,7,1,0,1,1,1,0,1
183,7,7,1,0,1,0,0,0,1
184,52,7,1,0,1,1,0,1,1
185,6,7,1,0,0,0,0,0,0
186,67,7,1,0,1,0,1,0,1
187,11,7,1,0,1,1,1,0,1
188,40,7,1,0,1,0,0,0,1
189,39,7,1,1,1,1,1,0,1
190,46,7,1,0,1,0,1,0,1
191,13,7,1,0,1,1,1,1,2
192,14,7,1,0,1,1,1,1,1
193,38,7,1,0,1,0,1,0,1
194,35,7,1,0,2,1,1,1,1
195,17,7,1,0,1,0,1,0,1
196,66,7,1,0,1,1,2,1,1
197,8,7,1,0,1,1,0,1,1
198,24,7,0,0,0,0,0,0,0
199,29,7,1,0,1,1,1,1,2
200,63,7,1,0,0,0,0,0,1
201,43,7,1,0,2,1,1,1,2
202,20,7,1,0,1,1,1,1,1
203,33,7,1,0,1,1,1,0,1
204,1,7,1,0,2,1,1,1,1
205,50,7,1,0,1,1,1,1,1
206,37,7,1,0,2,0,1,1,1
207,36,7,1,0,1,0,1,0,1
208,4,7,1,1,1,0,1,1,1
209,45,7,1,0,1,1,1,0,1
210,64,7,1,0,1,0,0,0,1
211,47,7,1,0,1,1,1,1,1
212,30,7,1,0,2,1,1,0,1
213,5,7,1,0,1,0,1,0,1
214,70,7,1,0,1,1,1,1,1
215,53,7,1,0,1,1,1,1,1
216,44,7,1,0,1,1,1,1,1
217,43,7,1,1,1,0,1,1,1
218,53,7,1,1,1,0,1,1,1
219,39,7,0,0,1,1,1,1,0
220,36,7,1,1,1,0,1,0,1
221,41,7,1,0,1,0,1,0,2
222,51,7,1,0,1,0,1,1,1
223,35,7,1,0,2,1,1,1,1
224,70,7,1,0,1,1,1,1,1
225,40,7,1,0,1,0,1,0,1
226,46,7,1,0,1,0,1,1,1
227,7,7,1,0,1,1,1,0,1
228,33,7,1,0,1,1,1,1,1
229,14,7,1,0,1,1,1,1,2
230,45,7,1,0,1,0,1,1,1
231,38,7,1,0,1,1,1,0,1
232,20,7,1,0,1,1,1,1,1
233,65,7,1,0,1,1,1,1,1
234,19,7,1,0,1,0,1,0,1
235,15,7,1,0,1,0,1,1,1
236,37,7,1,0,1,1,1,1,1
237,67,7,1,0,1,0,1,0,1
238,29,7,1,0,1,1,1,1,2
239,5,7,1,0,2,0,1,1,1
240,4,7,1,1,1,0,0,1,1
241,17,7,1,0,1,0,0,0,0
242,13,7,1,0,1,0,1,1,1
243,11,7,1,0,1,1,1,1,1
244,50,7,1,1,1,1,1,1,1
245,8,7,1,0,1,1,0,1,1
246,63,7,1,0,1,0,0,0,1
247,52,7,1,0,1,1,1,1,1
248,3,7,1,0,1,0,1,1,1
249,64,7,1,1,1,0,1,0,1
250,25,7,1,0,0,0,0,0,0
251,24,7,0,0,0,0,0,0,1
252,49,7,1,0,2,1,1,1,1
253,66,7,1,0,1,1,2,1,2
254,1,7,1,0,1,1,1,0,1
255,44,7,1,0,1,1,1,1,1
256,18,7,1,0,1,1,1,1,1
257,52,2,1,0,2,1,1,0,1
258,35,2,1,0,2,1,1,1,1
259,28,2,1,0,1,1,0,0,1
260,67,2,1,0,1,0,0,0,1
261,36,2,1,1,1,1,1,0,1
262,8,2,1,0,1,1,1,0,1
263,2,2,1,0,2,1,1,0,1
264,38,2,1,0,1,1,1,0,1
265,5,2,1,1,1,0,1,0,1
266,10,2,1,1,1,1,1,0,1
267,16,2,1,0,1,1,1,0,1
268,20,2,1,0,2,1,1,0,1
269,4,2,1,0,1,0,0,1,1
270,59,2,0,0,1,0,0,0,0
271,51,2,1,0,1,0,0,0,1
272,9,2,1,0,1,1,1,0,1
273,62,2,1,1,2,1,1,0,1
274,18,2,1,0,2,1,1,0,1
275,31,2,1,1,2,1,1,1,1
276,3,2,1,0,1,0,0,0,1
277,43,2,1,0,1,1,0,0,1
278,60,2,0,0,0,0,1,1,1
279,29,2,1,0,2,1,1,1,1
280,70,2,1,0,1,0,1,0,1
281,41,2,1,0,1,0,0,0,1
282,72,2,1,0,1,0,0,0,1
283,17,2,1,0,1,0,1,0,1
284,55,2,0,0,1,1,1,0,0
285,11,2,1,0,1,0,0,0,1
286,40,2,1,0,1,0,1,0,1
287,34,2,1,0,1,1,1,0,1
288,66,2,1,0,1,1,1,1,1
289,65,2,1,0,0,0,0,0,1
290,19,2,1,0,1,0,0,0,1
291,63,2,1,0,0,0,0,0,1
292,50,2,1,0,1,1,1,1,1
293,37,2,1,0,2,1,1,0,2
294,14,2,1,0,2,1,1,0,2
295,42,2,1,1,1,0,0,0,1
296,13,2,1,0,2,1,0,0,1
297,64,2,1,0,1,1,0,0,1
298,1,2,1,0,1,1,1,0,1
299,57,2,1,1,1,1,0,0,1
300,49,2,1,0,2,1,1,1,1
301,18,2,1,0,2,1,1,1,1
302,11,2,1,0,2,1,1,0,1
303,58,2,1,0,0,0,0,0,0
304,35,2,1,1,2,1,1,1,1
305,67,2,1,1,1,0,0,0,1
306,28,2,1,0,1,1,1,0,1
307,43,2,1,0,2,1,1,0,1
308,42,2,1,1,1,0,1,1,1
309,72,2,1,0,1,0,0,0,1
310,24,2,1,0,0,0,0,0,1
311,49,2,1,0,2,1,1,1,1
312,41,2,1,0,1,1,1,1,1
313,8,2,1,1,2,1,1,0,1
314,29,2,1,1,2,1,1,1,1
315,2,2,1,0,2,1,1,0,1
316,66,2,1,0,2,1,1,1,1
317,64,2,1,0,1,0,0,0,1
318,50,2,1,1,1,0,1,0,1
319,14,2,1,0,2,1,1,1,1
320,9,2,1,0,1,1,1,0,1
321,57,2,1,0,1,1,0,0,1
322,4,2,1,0,1,1,1,1,1
323,13,2,1,1,1,1,1,1,1
324,51,2,1,0,1,0,1,0,1
325,1,2,0,1,1,0,0,0,1
326,5,2,1,0,1,1,1,0,1
327,10,2,1,1,1,1,1,0,1
328,52,2,1,0,2,1,1,1,1
329,17,2,1,0,1,1,1,0,0
330,38,2,1,0,1,1,1,0,1
331,65,2,1,0,1,0,1,0,1
332,36,2,1,1,1,0,1,0,1
333,31,2,1,0,2,1,1,1,1
334,16,2,1,0,2,1,1,0,1
335,63,2,1,0,0,0,0,0,1
336,62,2,1,1,2,1,1,0,1
337,40,2,1,1,1,0,1,0,1
338,27,2,1,0,0,0,0,0,0
339,20,2,1,1,2,1,1,1,1
340,37,2,1,0,1,1,1,1,1
341,69,2,1,0,2,1,1,1,1
342,14,2,1,0,1,0,1,0,1
343,21,2,1,1,1,1,1,0,1
344,52,2,1,0,2,1,1,1,1
345,29,2,1,0,2,1,1,1,1
346,16,2,1,0,2,1,1,0,1
347,28,2,1,0,2,1,1,0,1
348,33,2,1,0,1,0,1,0,1
349,1,2,1,0,1,0,1,1,1
350,69,2,1,0,2,1,1,1,1
351,72,2,1,0,1,0,1,1,1
352,5,2,1,0,0,0,0,0,0
353,10,2,1,1,2,1,2,1,1
354,36,2,1,0,1,0,1,0,1
355,20,2,1,0,2,1,1,1,1
356,8,2,1,1,2,1,1,0,1
357,49,2,1,1,2,1,1,1,1
358,37,2,1,0,1,1,1,1,1
359,63,2,1,0,1,0,0,1,1
360,31,2,1,0,1,0,1,1,1
361,23,2,1,0,0,0,0,0,1
362,2,2,1,1,2,1,1,1,1
363,71,2,1,0,0,0,1,0,0
364,55,2,1,0,1,1,1,0,1
365,50,2,1,1,1,0,1,1,1
366,64,2,1,1,1,1,1,0,1
367,60,2,1,0,1,0,1,1,1
368,62,2,1,0,2,1,1,0,1
369,41,2,1,0,1,0,1,0,1
370,68,2,1,1,1,1,1,1,1
371,67,2,1,1,1,1,1,0,1
372,32,5,1,1,1,0,0,0,1
373,41,5,1,0,2,1,1,0,1
374,49,5,1,1,1,1,1,0,1
375,2,5,1,0,1,1,1,0,1
376,64,5,1,1,1,0,0,0,1
377,42,5,1,0,1,0,0,0,1
378,15,5,1,1,0,0,0,0,1
379,21,5,1,0,1,0,0,0,1
380,43,5,1,0,2,1,0,0,2
381,11,5,1,0,1,1,0,0,1
382,40,5,1,0,1,0,0,0,1
383,37,5,1,0,1,1,1,0,0
384,34,5,1,1,1,1,1,0,1
385,31,5,1,0,1,0,1,0,1
386,66,5,1,0,2,1,1,1,1
387,39,5,1,0,0,1,0,0,1
388,62,5,1,0,1,1,0,0,1
389,17,5,1,0,1,0,1,0,1
390,36,5,1,0,1,0,1,0,1
391,38,5,1,0,1,0,1,0,1
392,9,5,1,0,1,0,1,0,1
393,33,5,1,1,1,1,0,0,1
394,5,5,1,0,1,1,1,0,1
395,35,5,1,0,2,1,1,1,2
396,52,5,1,0,1,1,1,0,1
397,55,5,1,1,1,1,0,1,1
398,8,5,1,1,1,1,1,0,1
399,29,5,1,0,2,1,1,1,2
400,12,5,1,1,1,0,1,0,1
401,14,5,1,1,1,1,1,0,1
402,51,5,1,0,1,0,0,0,2
403,18,5,1,0,1,1,1,0,1
404,45,5,1,1,1,1,1,0,1
405,70,5,1,1,1,1,1,1,1
406,65,5,1,1,1,1,1,0,1
407,50,5,1,0,0,1,1,1,1
408,53,5,1,0,2,1,1,1,1
409,57,5,1,0,1,0,0,0,1
410,20,5,1,0,1,1,1,1,1
411,1,5,1,0,1,1,1,0,2
412,16,4,1,0,1,0,1,0,1
413,17,4,1,0,1,0,1,0,1
414,50,4,1,1,0,0,1,1,1
415,18,4,1,0,1,0,1,0,1
416,7,4,1,0,1,0,0,0,1
417,72,4,1,0,1,0,0,1,1
418,20,4,1,1,1,0,1,0,1
419,29,4,1,1,1,1,1,0,1
420,13,4,0,0,1,0,1,0,1
421,28,4,1,0,0,0,1,0,1
422,31,4,1,1,1,1,1,0,1
423,36,4,1,1,1,0,1,0,1
424,4,4,1,0,1,0,0,1,1
425,40,4,1,0,1,0,1,0,1
426,65,4,1,1,0,0,1,0,1
427,43,4,1,1,1,0,1,0,1
428,61,4,1,0,0,0,1,0,1
429,62,4,1,1,0,0,0,0,1
430,57,4,0,0,0,0,0,0,0
431,5,4,1,0,1,0,1,0,1
432,2,4,1,1,1,1,1,1,1
433,42,4,1,0,1,0,1,1,1
434,41,4,1,1,1,0,0,1,0
435,55,4,1,1,1,0,1,0,0
436,12,4,1,1,1,0,0,0,0
437,9,4,1,0,1,0,1,0,1
438,33,4,1,0,0,0,0,0,1
439,21,4,1,1,1,0,0,0,1
440,19,4,1,0,1,1,1,0,1
441,8,4,1,1,1,1,1,0,1
442,67,4,1,1,1,0,0,0,1
443,32,4,1,1,1,0,1,0,1
444,70,4,1,1,1,0,1,0,1
445,37,4,1,0,2,0,1,1,1
446,49,4,1,0,1,1,1,1,1
447,58,10,1,0,0,0,0,0,0
448,21,10,1,1,1,1,1,0,1
449,29,10,1,0,2,1,1,1,1
450,14,10,1,0,1,1,1,1,1
451,42,10,1,1,1,1,1,0,1
452,28,10,1,0,0,0,0,0,1
453,67,10,1,1,1,1,1,0,1
454,51,10,0,0,0,0,0,0,1
455,32,10,1,0,1,0,1,0,1
456,18,10,1,0,1,0,0,0,1
457,23,10,1,0,0,0,1,0,1
458,70,10,1,0,1,0,1,0,1
459,62,10,1,0,2,1,1,0,1
460,66,10,1,0,1,0,1,0,1
461,34,10,1,0,1,1,1,0,1
462,37,10,1,0,1,1,1,1,1
463,61,10,1,0,1,0,1,0,0
464,11,10,1,0,1,0,1,0,1
465,36,10,1,0,2,1,1,0,1
466,20,10,1,0,1,1,1,0,1
467,55,10,1,0,1,0,0,0,1
468,49,10,1,1,1,1,1,0,1
469,35,10,1,1,1,1,1,1,1
470,43,10,1,0,1,1,1,0,1
471,42,3,0,0,0,0,0,0,1
472,11,3,1,0,1,0,1,0,1
473,35,3,1,1,2,1,1,1,1
474,52,3,1,1,1,1,1,1,2
475,51,3,1,0,1,0,0,0,1
476,20,3,1,0,1,0,0,1,1
477,29,3,1,0,1,1,1,0,0
478,32,3,1,0,1,0,0,0,1
479,34,3,0,1,1,1,0,0,0
480,8,3,1,0,1,0,0,0,1
481,14,3,1,0,1,1,1,0,1
482,65,3,1,1,0,0,0,0,0
483,70,3,0,0,0,1,1,0,1
484,31,3,1,0,1,1,1,1,1
485,64,3,1,0,1,0,1,0,1
486,28,3,1,0,1,0,1,0,1
487,55,3,1,1,1,0,1,0,1
488,5,3,1,1,1,1,0,0,0
489,43,3,1,1,1,0,1,0,1
490,30,3,1,0,2,0,1,0,1
491,2,3,1,0,1,1,1,0,1
492,37,3,1,0,2,0,1,1,1
493,66,3,1,0,0,1,1,1,0
494,62,3,1,0,0,0,0,0,1
495,39,3,1,0,0,0,0,0,0
496,49,3,1,0,2,1,1,1,1
497,10,4,1,1,1,0,1,1,1
498,27,4,1,1,0,0,1,0,1
499,36,4,1,0,1,0,1,0,1
500,28,4,1,0,1,0,1,0,1
501,6,4,1,0,1,0,0,0,1
502,41,4,1,0,1,1,1,0,1
503,9,4,1,0,1,1,1,0,1
504,57,4,1,0,1,1,1,0,1
505,53,4,1,0,1,0,1,1,1
506,43,4,1,0,1,0,1,1,1
507,51,4,1,0,1,0,1,0,1
508,31,4,1,1,1,1,1,1,1
509,67,4,1,1,1,0,1,0,1
510,49,4,1,0,1,1,1,1,1
511,16,4,1,0,1,1,1,1,1
512,35,4,1,1,2,1,1,1,1
513,4,4,1,1,1,0,0,1,1
514,1,4,1,0,2,1,1,1,1
515,52,4,1,0,1,1,1,1,1
516,34,4,1,0,1,1,1,1,1
517,62,4,1,0,1,0,1,0,1
518,32,4,1,0,1,0,1,0,1
519,66,4,1,0,1,1,0,1,1
520,11,4,1,0,1,0,1,0,1
521,20,4,1,1,1,1,1,0,1
522,40,4,1,0,1,0,1,0,1
523,55,4,1,0,2,1,1,1,1
524,8,4,1,1,2,1,1,1,1
525,64,4,1,1,2,1,1,1,1
526,33,4,1,0,1,0,0,0,1
527,26,4,1,0,0,0,1,0,1
528,42,4,1,0,1,0,1,1,1
529,3,4,1,0,1,0,1,1,1
530,63,4,1,0,1,0,0,0,1
531,37,4,1,0,1,1,1,1,1
532,50,4,1,0,1,0,1,0,1
533,13,4,1,0,1,1,1,1,1
534,38,4,1,0,1,1,1,0,1
535,71,4,1,0,1,0,1,0,1
536,30,4,1,0,1,0,1,0,1
537,5,4,1,0,1,0,1,0,1
538,2,4,1,0,2,1,1,1,1
539,17,4,1,1,1,0,1,0,1
540,70,4,1,0,2,1,1,1,1
541,61,4,1,0,0,0,0,0,0
542,65,4,1,0,1,1,1,1,1
543,45,4,1,1,1,0,1,0,1
544,39,4,1,0,0,0,1,0,1
545,25,4,1,0,0,0,0,0,1
546,72,4,1,1,1,0,1,0,1
547,19,4,1,0,1,1,1,1,1
548,29,4,1,0,1,1,1,1,1
549,18,4,1,1,1,0,1,0,1
550,7,4,1,1,1,0,1,0,1
551,24,4,1,0,0,0,0,0,1
552,14,4,1,0,2,1,1,1,1
553,1,1,1,0,1,0,1,0,1
554,6,1,1,1,1,0,0,0,1
555,28,1,1,0,1,0,0,0,1
556,18,1,1,0,1,1,0,0,1
557,62,1,1,0,2,1,1,0,1
558,50,1,1,0,2,0,1,1,1
559,24,1,0,0,0,0,0,0,0
560,29,1,1,0,2,1,1,1,1
561,17,1,1,1,1,0,1,0,1
562,66,1,1,0,2,1,1,1,1
563,16,1,1,0,1,1,1,0,1
564,57,1,1,0,1,0,0,0,0
565,19,1,1,0,1,0,1,0,1
566,58,1,1,0,0,0,0,0,1
567,2,1,1,0,2,1,1,0,1
568,38,1,1,1,1,0,1,0,1
569,20,1,1,0,1,0,1,0,1
570,41,1,1,1,2,1,1,1,1
571,33,1,1,0,1,0,0,0,1
572,4,1,1,1,1,1,1,0,1
573,5,1,1,0,1,0,1,0,1
574,72,1,1,0,1,0,0,0,1
575,13,1,1,0,1,1,1,0,1
576,49,1,1,0,1,1,1,1,1
577,37,1,1,0,1,1,1,0,1
578,36,1,1,0,1,0,0,0,1
579,55,1,1,0,1,1,1,0,1
580,8,1,1,0,2,0,1,0,1
581,64,1,1,1,1,1,1,0,1
582,11,1,1,0,1,1,0,0,1
583,14,1,1,0,1,1,1,1,1
584,52,1,1,0,2,1,1,0,1
585,32,1,1,0,1,0,1,0,1
586,27,1,1,0,0,0,0,0,0
587,51,1,1,0,1,1,1,0,1
588,9,1,1,0,1,1,1,0,1
589,2,3,1,0,2,1,1,0,1
590,23,3,1,1,0,0,0,0,1
591,49,3,1,1,2,1,1,1,1
592,41,3,1,0,1,1,0,0,1
593,3,3,1,0,0,0,1,0,0
594,28,3,1,0,1,0,1,0,1
595,27,3,1,0,0,0,1,0,1
596,11,3,1,0,1,1,0,0,1
597,18,3,1,0,1,1,1,0,1
598,72,3,1,1,1,0,1,0,1
599,43,3,1,0,1,1,1,0,1
600,33,3,1,0,1,0,0,0,1
601,58,3,1,0,0,0,1,0,1
602,31,3,1,1,1,0,1,1,1
603,67,3,1,0,1,0,1,0,1
604,17,3,1,1,1,0,1,0,1
605,9,3,1,0,1,1,1,0,1
606,13,3,1,1,1,1,1,1,0
607,64,3,1,1,1,1,1,0,1
608,14,3,1,0,2,1,1,1,1
609,51,3,1,0,1,1,1,0,1
610,55,3,1,0,2,1,1,0,1
611,40,3,1,0,1,1,1,0,1
612,32,3,1,1,1,0,0,0,1
613,66,3,1,0,2,1,1,0,1
614,61,3,0,0,0,0,0,0,0
615,36,3,1,0,2,1,1,0,1
616,8,3,1,0,1,0,1,0,1
617,34,3,1,0,0,1,0,0,1
618,50,3,1,0,1,1,1,0,1
619,5,3,1,0,1,0,1,0,1
620,52,3,1,0,2,1,1,0,1
621,59,3,1,0,0,1,1,0,1
622,4,3,1,0,1,1,1,1,1
623,65,3,1,0,0,0,0,0,1
624,6,3,1,1,1,0,1,0,1
625,29,3,1,0,2,1,1,1,1
626,37,3,1,0,2,1,1,0,1
627,57,3,1,0,1,1,1,0,1
628,62,3,1,1,2,1,1,0,1
629,21,3,1,0,1,0,1,0,0
630,20,3,1,0,0,0,0,0,0
631,37,7,1,0,2,1,1,1,1
632,18,7,1,0,1,0,1,0,1
633,46,7,1,0,1,0,1,0,1
634,35,7,1,0,2,1,1,1,1
635,14,7,1,0,1,1,1,0,1
636,55,7,1,0,2,1,1,1,1
637,36,7,1,0,1,0,1,1,1
638,19,10,1,0,2,1,1,0,1
639,41,10,1,1,2,1,1,1,1
640,9,10,1,0,1,1,1,0,1
641,39,10,1,0,1,1,1,0,1
642,18,10,1,0,1,1,1,0,1
643,51,10,1,0,1,0,0,0,1
644,67,10,1,1,1,1,1,0,1
645,72,10,1,0,1,0,1,0,1
646,5,10,1,0,1,0,1,0,1
647,13,10,1,0,1,0,1,0,1
648,17,10,1,0,1,1,1,0,1
649,37,10,1,0,2,1,1,0,1
650,14,10,1,0,2,1,1,0,1
651,34,10,1,0,1,0,1,0,1
652,20,10,1,0,1,1,1,0,1
653,31,10,1,0,1,1,1,0,1
654,8,10,1,1,1,1,1,0,1
655,30,10,1,0,2,0,1,0,1
656,38,10,1,0,1,0,1,0,1
657,1,10,1,0,2,1,1,0,1
658,62,10,1,0,1,0,1,0,1
659,40,10,1,0,0,0,1,0,1
660,36,10,1,0,1,1,1,0,1
661,16,10,1,0,1,1,1,0,1
662,21,10,1,0,1,1,1,0,1
663,2,10,1,0,2,1,2,1,1
664,43,10,1,0,1,0,1,0,1
665,66,10,1,0,2,0,1,0,1
666,29,10,1,0,2,1,1,1,1
667,24,10,1,0,0,0,0,0,1
668,7,10,1,1,1,1,1,0,1
669,48,10,1,0,1,1,1,1,1
670,38,3,1,0,1,1,1,0,1
671,64,3,1,1,1,0,1,0,1
672,62,3,1,0,2,1,1,0,1
673,5,3,1,0,0,0,1,0,1
674,35,3,1,0,2,1,1,1,1
675,63,3,1,1,0,0,0,0,1
676,18,3,1,0,2,1,1,1,1
677,43,3,1,1,1,1,1,0,1
678,72,3,1,1,1,0,1,0,1
679,54,3,1,1,0,0,1,0,1
680,37,3,1,0,1,1,1,0,1
681,49,3,1,0,1,1,1,1,1
682,27,3,1,0,1,1,1,0,1
683,70,3,1,0,1,1,1,1,1
684,52,3,1,0,2,1,0,0,0
685,9,3,1,1,1,1,1,0,1
686,40,3,1,0,1,1,1,0,0
687,41,3,1,0,2,1,1,0,1
688,71,3,1,1,1,1,1,0,0
689,58,3,1,0,0,0,1,0,1
690,32,3,1,0,1,0,0,0,1
691,1,3,1,0,1,1,1,0,1
692,2,3,1,0,2,1,1,0,1
693,4,3,1,0,1,0,1,0,1
694,24,3,1,0,0,0,0,0,0
695,8,3,1,1,1,0,1,1,1
696,29,3,1,0,1,1,1,1,1
697,16,3,1,0,1,1,1,0,1
698,20,3,1,0,1,0,1,0,1
699,14,3,1,1,2,1,1,1,1
700,36,3,1,0,1,0,0,0,1
701,8,5,1,1,1,0,1,1,1
702,64,5,1,0,1,0,0,0,1
703,32,5,1,0,1,0,0,0,1
704,29,5,1,1,2,1,1,1,1
705,31,5,1,0,1,0,0,0,1
706,17,5,1,1,2,0,0,0,0
707,42,5,1,0,0,0,1,0,1
708,2,5,1,0,1,1,1,1,1
709,40,5,1,0,1,1,1,0,1
710,37,5,1,0,1,1,1,1,1
711,49,5,1,0,1,1,1,1,1
712,62,5,1,1,1,1,1,1,1
713,57,5,1,1,1,0,1,1,1
714,14,5,1,1,1,1,1,1,2
715,33,5,1,1,1,0,1,1,1
716,51,5,1,1,0,0,1,0,1
717,66,5,1,0,2,1,1,1,1
718,38,5,1,1,1,0,0,0,1
719,1,5,1,0,1,1,1,1,0
720,20,5,1,0,0,1,0,0,1
721,55,5,1,1,2,1,1,0,1
722,43,5,1,0,1,0,0,0,1
723,12,5,1,0,1,0,1,0,0
724,21,5,1,0,1,1,1,0,1
725,35,5,1,0,1,1,1,1,1
726,11,5,1,0,2,1,0,0,1
727,41,5,1,0,1,1,1,0,1
728,18,5,1,1,0,0,0,0,2
729,3,5,1,0,2,0,1,1,1
730,5,5,1,0,1,0,1,0,1
731,10,5,1,0,1,1,1,1,1
732,36,5,1,1,1,0,1,0,1
733,2,5,0,0,0,0,1,0,0
734,39,5,1,0,1,0,1,1,0
735,43,5,1,0,1,1,1,0,1
736,2,5,1,0,1,0,1,1,1
737,29,5,1,1,2,1,1,0,1
738,12,5,0,0,0,0,1,0,0
739,11,5,1,0,2,1,1,0,1
740,9,5,1,0,1,0,1,0,1
741,38,5,1,0,0,0,0,0,0
742,14,5,1,0,1,1,1,1,1
743,31,5,1,0,1,0,0,0,1
744,70,5,1,0,1,1,1,1,1
745,35,5,1,1,1,0,1,0,1
746,62,5,1,0,0,0,1,0,1
747,18,5,1,1,1,0,1,1,1
748,49,5,1,0,1,1,1,1,2
749,51,5,1,1,1,0,0,0,2
750,36,5,1,0,1,1,0,0,1
751,33,5,1,0,1,1,1,0,1
752,5,5,1,1,1,0,1,0,1
753,8,5,1,1,2,0,1,0,1
754,20,6,1,1,1,0,0,1,1
755,62,6,1,0,1,0,1,0,1
756,29,6,1,0,2,1,2,1,1
757,41,6,1,0,1,0,1,0,1
758,50,6,1,0,1,0,1,1,1
759,52,6,1,1,1,0,1,0,1
760,14,6,1,0,1,1,1,1,2
761,70,6,1,1,0,0,1,1,1
762,66,6,1,0,2,0,1,1,1
763,38,6,1,0,1,0,0,0,1
764,32,6,1,0,1,0,0,0,1
765,2,6,1,0,1,1,1,0,1
766,43,6,1,0,1,0,0,0,1
767,49,6,1,0,1,0,1,1,1
768,18,6,1,0,0,0,0,0,2
769,40,6,1,0,1,0,0,1,1
770,8,6,1,1,1,1,1,0,1
771,37,6,1,0,1,1,1,0,1
772,1,6,1,1,1,0,1,1,2
773,31,6,1,0,1,1,1,1,1
774,63,6,1,0,0,0,0,0,1
775,11,6,1,1,1,0,1,0,1
776,33,6,1,0,0,0,0,0,1
777,36,6,1,0,1,0,1,0,1
778,51,6,1,0,0,0,0,1,1
779,12,6,1,0,0,0,0,0,0
780,5,6,1,0,1,0,1,0,1
781,17,6,1,1,1,0,1,0,1
782,35,6,1,0,1,1,1,1,1
783,64,6,1,0,1,0,0,0,0
784,62,6,1,0,1,1,1,1,1
785,2,6,1,0,1,1,1,1,1
786,38,6,1,0,1,0,0,0,0
787,66,6,1,0,2,1,1,1,1
788,9,6,1,0,2,0,1,0,1
789,49,6,1,1,2,0,1,1,1
790,1,6,1,0,1,1,1,1,1
791,31,6,1,0,1,0,1,1,1
792,12,6,1,0,1,1,1,0,1
793,35,6,1,0,1,1,1,1,1
794,5,6,1,0,1,0,1,0,1
795,10,6,1,0,1,0,0,1,1
796,32,6,1,0,1,0,1,0,1
797,20,6,1,0,1,0,1,0,1
798,14,6,1,0,0,0,0,0,1
799,3,6,1,0,1,0,1,1,1
800,72,6,1,0,1,0,1,1,1
801,34,6,0,0,1,0,1,0,0
802,36,6,1,0,1,0,0,0,1
803,42,6,1,1,0,0,0,1,1
804,43,6,1,0,1,0,1,0,1
805,18,6,1,1,1,0,1,0,1
806,17,6,1,1,1,0,0,1,1
807,63,6,1,1,0,0,1,0,0
808,8,6,1,0,2,1,1,1,1
809,41,6,1,0,1,0,1,0,1
810,11,6,0,0,1,0,1,0,1
811,29,6,1,0,2,1,1,1,0
812,33,6,1,1,1,1,0,0,1
813,21,6,1,0,1,0,0,0,1
814,67,6,1,1,1,0,0,1,1
815,39,6,1,0,1,1,1,1,1
816,37,6,1,0,1,0,1,1,1
817,51,6,1,0,1,1,1,1,1
818,45,5,1,1,1,0,1,1,1
819,40,5,1,0,1,0,0,0,0
820,8,5,1,1,1,1,1,0,1
821,55,5,1,0,1,1,1,1,1
822,51,5,1,0,1,0,0,1,1
823,62,5,1,0,1,1,1,0,1
824,43,5,1,0,1,1,0,0,1
825,41,5,1,1,1,0,1,0,1
826,35,5,1,0,2,1,1,1,1
827,21,5,1,0,1,0,1,0,0
828,52,5,1,0,1,0,1,0,1
829,29,5,1,0,2,1,1,1,1
830,31,5,1,0,1,0,1,0,1
831,32,5,1,0,1,0,0,0,1
832,20,5,1,0,1,1,1,1,1
833,65,5,1,0,1,1,2,0,1
834,2,5,1,0,1,1,1,0,1
835,70,5,1,0,1,1,1,1,1
836,1,5,1,0,1,1,1,0,1
837,57,5,0,0,1,0,0,0,0
838,38,5,1,0,1,1,1,0,1
839,37,5,1,0,1,1,1,1,1
840,10,5,1,0,1,0,0,1,1
841,64,5,1,1,1,0,0,0,1
842,67,5,1,1,1,0,1,0,1
843,14,5,1,1,2,1,1,0,1
844,49,5,1,0,1,1,1,1,1
845,11,5,1,0,1,1,1,1,1
846,36,5,1,0,1,0,1,0,1
847,18,5,1,0,0,0,0,0,2
848,5,5,1,1,1,1,1,0,1
849,33,5,1,0,1,1,1,1,1
850,18,3,1,1,1,0,1,0,1
851,50,3,1,0,0,0,0,1,1
852,35,3,1,0,1,1,1,1,1
853,63,3,1,1,1,0,0,0,1
854,20,3,1,1,1,0,1,0,1
855,6,3,1,0,0,0,0,0,1
856,39,3,1,0,0,0,1,0,1
857,17,3,1,0,1,0,0,0,1
858,16,3,1,0,1,1,1,1,1
859,2,3,1,0,2,1,1,1,1
860,51,3,1,0,1,1,1,0,1
861,11,3,1,0,1,0,1,0,1
862,55,3,1,0,2,1,1,1,0
863,62,3,1,0,1,0,0,0,1
864,72,3,1,1,1,0,1,0,1
865,8,3,1,1,1,1,1,1,1
866,36,3,1,1,1,0,1,0,1
867,45,3,1,1,1,0,1,0,1
868,40,3,1,0,1,0,1,0,1
869,70,3,1,0,1,1,1,1,1
870,32,3,1,0,1,0,1,0,1
871,52,3,1,0,1,1,1,1,1
872,49,3,1,0,1,1,1,1,1
873,14,3,1,0,1,1,1,1,1
874,5,3,1,0,1,0,1,0,1
875,67,3,1,0,1,0,1,0,1
876,19,3,1,0,1,1,1,0,1
877,10,3,1,1,1,1,1,1,1
878,66,3,1,0,1,1,1,1,1
879,13,3,1,0,1,1,1,1,1
880,33,3,1,1,1,0,0,0,1
881,43,3,1,0,1,0,1,1,1
882,47,3,1,0,1,0,1,0,1
883,31,3,1,1,1,1,1,1,1
884,57,3,1,0,1,0,1,0,1
885,21,3,1,1,1,0,1,0,1
886,29,3,1,0,1,1,1,1,1
887,37,3,1,0,1,1,1,1,2
888,7,3,1,0,1,0,1,0,1
889,4,3,1,0,1,0,1,1,1
890,64,3,1,1,1,1,1,1,1
891,14,5,1,0,2,1,1,1,1
892,57,5,1,0,1,0,0,0,1
893,18,5,1,0,2,1,0,0,1
894,41,5,1,0,1,0,0,0,0
895,31,5,1,0,1,0,1,0,1
896,2,5,1,0,1,1,1,0,1
897,38,5,1,0,1,0,1,1,1
898,20,5,1,1,2,1,1,0,2
899,36,5,1,1,0,1,1,1,1
900,62,5,1,0,1,1,1,0,1
901,16,5,1,0,2,1,1,1,1
902,5,5,1,1,1,0,1,0,1
903,9,5,1,0,1,0,1,0,0
904,37,5,1,1,1,1,1,0,1
905,35,5,1,0,2,1,1,1,1
906,11,5,1,0,2,1,1,1,1
907,32,5,1,1,1,0,1,0,1
908,43,5,1,0,1,1,1,0,1
909,3,5,1,0,0,1,1,1,0
910,12,5,1,0,1,1,1,0,1
911,50,5,1,0,1,1,0,0,1
912,8,5,1,0,2,1,1,0,1
913,33,5,0,0,0,0,0,1,0
914,17,5,1,0,1,1,0,0,1
915,49,5,1,0,1,1,1,1,1
916,40,5,1,0,1,1,1,0,0
917,64,5,1,0,1,0,1,0,1
918,53,5,1,0,2,1,1,1,1
919,11,5,1,0,1,0,1,1,1
920,2,5,1,1,1,0,1,1,1
921,65,5,1,0,1,1,0,1,1
922,10,5,1,1,1,0,0,1,1
923,12,5,1,0,1,0,1,0,1
924,49,5,1,0,1,1,1,0,2
925,17,5,1,0,1,0,0,0,1
926,18,5,1,0,1,1,0,0,0
927,31,5,1,0,1,0,1,0,1
928,18,9,1,0,2,1,1,0,2
929,45,9,1,0,1,1,1,1,1
930,38,9,1,0,1,1,1,0,1
931,34,9,1,0,1,1,1,0,2
932,19,9,1,0,1,1,1,0,1
933,62,9,1,0,1,1,1,1,1
934,32,9,1,0,1,0,1,0,1
935,55,9,1,0,1,1,1,0,1
936,40,9,1,1,1,1,1,0,1
937,57,9,1,0,1,1,1,0,2
938,54,9,0,0,0,0,0,0,1
939,64,9,1,1,2,1,1,0,2
940,7,9,1,0,1,1,1,0,1
941,30,9,1,0,1,0,1,0,1
942,1,9,1,0,1,1,1,0,0
943,70,9,1,0,2,1,1,1,1
944,49,9,1,0,2,1,1,1,1
945,20,9,1,0,1,1,1,0,1
946,29,9,1,0,2,1,1,0,1
947,41,9,1,0,1,1,1,0,1
948,51,9,1,0,2,1,1,0,1
949,15,9,0,0,0,0,0,0,0
950,67,9,1,0,1,0,0,0,1
951,5,9,1,0,1,1,1,0,1
952,8,9,1,0,1,0,1,0,1
953,17,9,1,0,1,1,1,0,1
954,14,9,1,0,1,1,1,0,1
955,21,9,1,1,2,0,1,1,1
956,37,9,1,0,1,0,1,0,1
957,43,9,1,0,1,1,1,0,1
958,31,9,1,0,1,0,1,0,1
959,33,9,1,0,1,1,0,0,1
960,36,9,1,0,1,1,1,1,1
961,72,9,1,0,1,0,1,0,1
962,42,9,1,0,2,1,1,1,1
963,35,9,1,0,1,1,1,0,1
964,2,9,1,0,2,1,2,1,1
965,66,9,1,0,2,0,1,0,1
966,16,9,1,0,1,0,1,0,1
967,7,9,1,0,1,1,1,0,1
968,29,9,1,0,2,1,2,0,1
969,37,9,1,1,2,0,1,0,1
970,14,9,1,0,2,1,1,0,1
971,8,9,1,0,1,0,0,0,1
972,54,9,1,0,0,0,0,0,0
973,5,9,1,0,1,1,1,0,1
974,2,9,1,0,2,1,1,1,1
975,1,9,1,0,1,0,1,0,1
976,66,9,1,0,2,1,1,0,1
977,38,9,1,0,1,1,1,0,1
978,41,9,1,0,1,1,1,0,2
979,57,9,1,0,1,0,1,0,1
980,72,9,1,0,1,1,1,0,1
981,62,9,1,0,1,1,1,0,1
982,67,9,1,0,1,1,1,0,0
983,43,9,1,0,1,1,1,0,1
984,16,9,1,0,1,0,1,0,1
985,55,9,1,1,1,1,1,0,1
986,42,9,1,0,2,1,1,1,1
987,21,9,1,0,1,0,1,1,1
988,18,9,1,0,1,0,1,0,1
989,51,9,1,0,1,1,1,1,1
990,36,9,1,0,1,0,1,0,1
991,33,9,1,0,1,0,1,0,1
992,70,9,1,0,2,1,2,1,1
993,17,9,1,0,1,0,0,0,1
994,30,9,1,0,0,0,1,1,1
995,64,9,1,1,2,0,1,1,2
996,32,9,1,1,1,0,1,0,1
997,31,9,1,0,1,0,1,0,1
998,19,9,1,0,1,1,1,0,1
999,40,9,1,0,1,0,0,0,1
1000,45,9,1,0,1,1,1,0,1
1001,20,9,1,0,1,0,1,0,1
1002,49,9,1,0,2,1,1,1,1
1003,35,9,1,0,2,1,1,0,1
1004,62,9,1,0,2,0,1,0,1
1005,72,9,1,0,1,0,1,0,1
1006,41,9,1,0,0,0,0,0,1
1007,66,9,1,0,1,0,1,0,1
1008,43,9,1,0,1,1,1,0,1
1009,2,9,1,1,2,1,1,0,1
1010,42,9,1,0,2,0,1,0,1
1011,29,9,1,0,2,0,1,0,0
1012,55,9,1,0,1,0,1,0,1
1013,37,9,0,0,1,0,1,0,0
1014,1,9,0,0,1,0,1,0,0
1015,49,9,1,0,1,1,1,0,1
1016,35,9,1,0,2,1,1,0,1
1017,18,9,1,0,1,0,1,0,1
1018,33,9,1,0,1,0,0,0,1
1019,7,9,1,0,1,0,1,0,1
1020,21,9,1,0,1,0,1,0,1
1021,31,9,1,0,1,0,1,0,1
1022,17,9,1,1,1,1,1,0,1
1023,40,9,1,0,2,1,0,0,1
1024,70,9,1,0,2,1,2,1,1
1025,5,9,1,0,1,0,1,0,1
1026,67,9,0,1,1,0,0,0,1
1027,54,9,1,0,1,0,0,0,0
1028,64,9,1,0,1,0,1,0,1
1029,15,9,1,0,0,0,1,0,0
1030,20,9,1,0,1,1,1,1,1
1031,8,9,1,1,0,1,0,1,1
1032,30,9,1,0,0,0,0,0,1
1033,38,9,1,0,1,1,1,0,0
1034,14,9,1,0,1,0,1,0,1
1035,57,9,1,0,1,0,1,0,1
1036,45,9,1,0,1,0,1,0,1
1037,32,9,1,1,1,0,1,0,1
1038,16,9,1,1,1,0,1,0,1
1039,19,9,1,0,1,1,1,0,1
1040,36,9,1,0,1,1,1,0,1
1041,55,9,1,0,1,0,1,1,1
1042,8,9,1,0,1,0,0,0,0
1043,30,9,1,0,0,0,2,0,0
1044,62,9,1,0,1,1,1,1,1
1045,34,9,1,1,0,0,1,0,1
1046,36,9,1,1,2,0,1,0,1
1047,49,9,1,0,1,1,1,1,1
1048,57,9,1,1,1,0,0,0,1
1049,38,9,1,1,1,1,1,1,1
1050,37,9,1,1,2,0,1,1,1
1051,1,9,1,0,0,0,0,0,0
1052,20,9,0,0,2,0,1,0,1
1053,43,9,1,1,1,1,1,0,1
1054,16,9,1,0,1,0,1,0,1
1055,2,9,1,0,2,1,1,1,1
1056,66,9,1,1,2,0,0,0,1
1057,7,9,1,1,2,0,1,0,1
1058,18,9,1,0,0,1,1,1,1
1059,29,9,1,0,1,0,2,0,1
1060,35,9,1,0,2,1,1,1,0
1061,5,9,1,0,0,0,1,0,1
1062,31,9,1,1,1,0,1,0,1
1063,40,9,1,0,1,0,1,0,1
1064,41,9,1,0,0,0,0,0,0
1065,20,7,1,0,1,0,0,0,1
1066,22,7,1,1,2,1,0,1,1
1067,47,7,1,0,2,1,1,1,1
1068,55,7,1,0,2,1,1,1,1
1069,16,7,1,0,2,1,1,1,1
1070,64,7,1,0,2,0,0,1,2
1071,14,7,1,0,2,1,1,1,2
1072,29,7,1,0,1,0,1,1,2
1073,34,7,1,1,2,1,1,1,0
1074,44,7,1,1,2,1,1,1,2
1075,49,7,1,0,2,1,1,1,1
1076,12,7,1,1,2,1,1,1,1
1077,4,7,1,1,1,1,1,1,1
1078,18,7,1,1,2,1,1,1,2
1079,67,7,1,1,2,0,1,1,1
1080,66,7,1,0,1,1,1,1,2
1081,5,7,1,1,1,0,1,1,2
1082,46,7,1,0,1,1,1,1,1
1083,70,7,1,0,2,1,1,1,2
1084,35,7,1,1,2,1,1,1,1
1085,38,7,1,0,2,0,1,1,1
1086,8,7,1,0,2,1,1,1,1
1087,37,7,1,0,2,1,1,1,1
1088,45,7,1,0,1,1,1,1,1
1089,50,7,1,0,1,1,1,1,1
1090,43,7,1,1,1,1,1,1,1
1091,24,4,0,0,0,0,0,0,0
1092,62,4,1,1,1,0,1,1,1
1093,35,8,1,0,1,1,1,1,1
1094,6,8,1,1,0,0,0,0,1
1095,3,8,1,0,1,0,1,1,1
1096,2,8,1,0,1,1,1,0,1
1097,38,8,1,0,1,1,1,0,1
1098,29,8,1,0,1,1,1,0,1
1099,19,8,1,0,1,1,0,1,1
1100,55,8,1,0,1,0,0,0,1
1101,37,8,1,0,2,1,1,0,1
1102,61,8,1,0,1,1,1,0,1
1103,18,8,1,0,1,1,1,0,1
1104,34,8,1,0,1,1,1,0,1
1105,56,8,1,0,0,1,0,0,1
1106,14,8,1,0,1,1,1,0,1
1107,36,8,1,0,1,0,1,0,1
1108,5,8,1,0,1,0,0,0,1
1109,67,8,1,1,1,0,1,0,1
1110,43,8,1,0,1,1,1,1,1
1111,31,8,1,0,1,1,1,1,1
1112,45,8,1,0,1,1,1,0,1
1113,47,8,1,0,1,0,0,0,1
1114,72,8,1,0,1,1,1,1,1
1115,65,8,1,1,1,0,1,1,1
1116,33,8,1,1,1,1,1,0,1
1117,62,8,1,0,1,0,1,0,1
1118,41,8,1,0,1,1,1,0,1
1119,40,6,1,0,1,0,1,0,2
1120,52,6,1,0,1,1,0,0,1
1121,11,6,1,0,1,1,0,1,0
1122,35,6,1,0,1,0,0,0,1
1123,29,6,1,0,2,1,1,1,1
1124,70,6,1,0,1,0,0,1,1
1125,18,6,1,1,1,0,1,0,1
1126,50,6,1,0,0,0,0,0,0
1127,64,6,1,1,0,0,1,0,1
1128,46,6,1,1,1,0,0,1,1
1129,38,6,1,0,0,0,0,0,1
1130,67,6,1,1,1,0,0,0,1
1131,37,6,1,0,1,1,0,0,1
1132,62,6,1,0,1,0,0,0,1
1133,41,6,1,1,1,0,0,0,1
1134,63,6,1,0,0,0,0,0,1
1135,5,6,1,0,2,0,0,0,1
1136,51,6,1,0,0,0,0,0,1
1137,2,6,1,0,1,0,1,0,1
1138,43,6,1,0,1,0,1,0,1
1139,3,6,1,1,1,0,1,1,1
1140,32,6,1,0,1,0,0,0,1
1141,8,6,1,0,2,0,1,1,2
1142,21,6,1,1,1,0,1,1,1
1143,12,6,1,0,0,0,0,0,1
1144,32,6,1,1,1,0,1,0,0
1145,57,6,0,0,1,0,0,0,0
1146,17,6,1,1,1,0,1,0,0
1147,66,6,1,0,1,0,0,1,2
1148,14,6,1,0,0,0,0,1,0
1149,1,6,1,0,1,1,1,1,1
1150,49,6,1,0,1,0,1,1,1
1151,36,6,1,0,0,0,0,0,1
1152,72,6,1,1,1,0,0,1,1
1153,20,6,1,0,0,0,1,0,1
1154,62,3,1,0,1,0,0,0,1
1155,14,3,1,1,1,1,1,0,1
1156,40,3,1,0,1,0,1,0,1
1157,70,3,1,1,1,1,0,0,1
1158,55,3,1,1,1,1,1,1,1
1159,18,3,1,0,1,0,1,0,1
1160,12,3,0,0,0,0,0,0,0
1161,49,3,1,0,1,1,1,1,1
1162,57,3,1,0,0,1,0,0,0
1163,11,3,1,0,1,0,0,0,0
1164,37,3,1,0,2,0,1,1,1
1165,64,3,1,1,1,0,1,0,1
1166,43,3,1,1,0,0,1,0,1
1167,69,3,1,0,2,1,1,1,1
1168,50,3,1,1,0,0,0,0,1
1169,65,3,1,0,0,0,1,0,1
1170,41,3,1,1,1,0,1,0,1
1171,29,3,1,0,1,1,1,1,1
1172,2,3,1,0,2,1,1,1,1
1173,42,3,1,0,1,0,1,0,1
1174,38,3,1,1,1,1,1,0,1
1175,63,3,1,0,0,0,0,0,1
1176,5,3,1,0,1,0,1,0,1
1177,9,3,1,0,1,1,1,0,1
1178,35,3,1,0,2,1,1,1,1
1179,8,3,1,0,1,1,0,0,1
1180,28,3,1,0,1,0,1,0,1
1181,27,3,1,0,0,0,1,0,0
1182,52,3,1,0,2,1,1,0,1
1183,34,3,0,0,2,0,1,0,1
1184,31,3,1,0,1,1,1,1,1
1185,51,3,1,0,1,0,0,0,1
1186,20,3,1,1,1,0,0,0,1
1187,36,3,1,0,1,0,1,0,1
1188,61,3,1,0,1,0,0,0,0
1189,5,3,1,0,1,1,1,0,1
1190,12,3,1,0,0,0,0,0,0
1191,31,3,1,1,1,1,1,1,1
1192,49,3,1,1,2,1,1,1,1
1193,11,3,1,0,1,0,0,0,0
1194,37,3,1,0,2,1,1,1,1
1195,62,3,1,0,1,1,1,0,0
1196,18,3,1,0,1,0,1,0,1
1197,5,8,1,0,1,0,0,0,1
1198,31,8,1,0,1,1,1,0,1
1199,62,8,1,0,1,0,0,0,1
1200,38,8,1,1,1,1,1,0,2
1201,43,8,1,0,2,1,0,1,1
1202,35,8,1,1,2,1,1,1,1
1203,18,8,1,0,2,0,0,1,1
1204,30,8,1,0,0,0,1,0,1
1205,12,8,1,0,1,1,1,1,1
1206,41,8,1,0,1,1,1,0,1
1207,67,8,1,0,1,0,0,0,1
1208,36,8,1,0,0,0,0,0,1
1209,2,8,1,0,1,0,1,0,0
1210,61,8,1,0,1,1,1,0,1
1211,13,9,1,0,1,1,1,0,0
1212,10,9,1,1,1,1,1,0,1
1213,9,9,1,1,2,0,1,0,1
1214,20,9,1,0,2,1,1,0,1
1215,38,9,1,0,1,1,1,0,1
1216,57,9,1,0,0,0,0,0,1
1217,64,9,1,1,1,1,1,0,1
1218,52,9,1,0,1,1,1,0,1
1219,24,9,1,0,0,0,0,0,0
1220,29,9,1,0,1,1,1,0,1
1221,6,9,1,1,0,0,0,0,1
1222,43,9,1,0,1,0,1,0,1
1223,42,9,0,0,0,1,0,1,1
1224,49,9,1,0,2,1,1,1,1
1225,37,9,1,0,2,1,1,0,1
1226,41,9,1,0,1,1,1,0,1
1227,2,9,1,0,2,1,1,1,1
1228,11,9,1,0,2,1,1,0,1
1229,5,9,1,1,1,0,0,0,1
1230,32,9,1,0,1,0,1,0,1
1231,63,9,1,1,0,0,1,0,1
1232,62,9,1,0,1,0,0,0,1
1233,30,9,0,0,1,0,0,0,0
1234,1,9,1,0,1,0,1,0,1
1235,27,9,1,0,0,0,0,0,0
1236,28,9,1,0,1,0,0,0,0
1237,35,9,1,0,2,1,1,1,1
1238,55,9,1,0,1,0,1,0,1
1239,36,9,1,0,1,0,1,0,1
1240,18,9,1,1,1,0,0,0,1
1241,16,9,1,0,1,0,1,0,1
1242,34,9,1,0,0,0,1,0,1
1243,72,9,1,1,1,1,1,0,1
1244,58,9,0,0,1,1,1,0,0
1245,9,3,1,0,1,1,1,0,1
1246,41,3,1,0,2,1,1,1,1
1247,32,3,1,1,1,0,0,0,1
1248,5,3,1,0,0,0,0,0,0
1249,43,3,1,1,1,1,1,0,1
1250,14,3,1,0,1,1,1,0,1
1251,35,3,1,0,2,1,1,1,1
1252,51,3,1,1,1,1,1,0,1
1253,63,3,1,1,0,0,0,0,1
1254,30,3,1,0,1,1,1,0,1
1255,36,3,1,0,1,0,1,0,1
1256,50,3,1,0,1,1,1,1,1
1257,62,3,1,1,2,1,0,0,1
1258,18,3,1,0,1,0,1,0,0
1259,52,3,1,0,2,1,1,0,1
1260,49,3,1,0,2,1,1,1,1
1261,16,3,1,0,2,1,1,0,1
1262,37,6,1,0,2,0,1,1,0
1263,2,6,1,1,2,1,1,0,1
1264,49,6,1,1,1,0,1,0,1
1265,11,6,1,0,1,0,0,0,1
1266,53,6,1,0,1,0,1,1,1
1267,36,6,1,0,0,0,1,0,1
1268,32,6,1,0,1,0,1,0,1
1269,64,6,1,1,1,1,1,1,1
1270,39,6,1,0,1,0,1,1,0
1271,18,6,0,0,1,0,1,0,0
1272,5,6,1,1,1,0,1,0,1
1273,11,2,1,0,1,1,0,1,0
1274,50,2,1,1,1,1,1,0,1
1275,10,2,1,1,1,1,1,1,1
1276,62,2,1,1,2,1,1,0,1
1277,49,2,1,0,2,1,1,1,1
1278,5,2,1,0,1,0,1,0,1
1279,31,2,1,0,1,0,0,0,1
1280,33,2,1,0,2,0,1,0,1
1281,35,2,0,0,1,1,1,1,0
1282,43,2,1,0,1,1,0,0,0
1283,64,2,1,0,1,1,1,1,1
1284,37,2,1,0,2,0,1,1,0
1285,36,2,1,0,1,0,0,0,1
1286,20,2,1,0,2,0,1,0,0
1287,2,2,1,0,2,1,1,1,1
1288,14,2,1,0,0,0,1,0,2
1289,18,2,1,1,2,1,1,1,1